 DERIVATIVES:    5.9030813167652829E-009  -8.4329733096646911E-010   8.4329733096646911E-010  -1.0119567971597629E-008   4.2164866548323452E-009  -5.0597839857988145E-009   5.9030813167652829E-009   8.4329733096646905E-009  -9.2762706406311597E-009  -8.4329733096646911E-010  -1.1806162633530566E-008   1.3492757295463506E-008
 DERIVATIVES:   -5.5628108437203129E-005  -3.0534109759633913E-005   3.3456978308763691E-005   1.2426576479922596E-004   4.5699125662403928E-005  -4.8578142750323452E-005   1.8536518631973956E-005   1.0211487380672974E-005  -1.1192242176586978E-005  -8.7173331696665835E-005  -2.5376503283442986E-005   2.6313406618146736E-005
 DERIVATIVES:   -1.0794205836370805E-007   4.8320937064378685E-007  -1.3914405960946741E-007   2.3106346868481252E-007   9.2762706406311597E-009  -1.1806162633530566E-008  -4.6634342402445740E-007   2.7668585429009850E-006   3.7273742028717932E-007   3.4237871637238642E-007  -3.2585008868544363E-006  -2.2178719804418135E-007
 DERIVATIVES:   -4.3750618872122095E-002  -5.4173381749608743E-002   5.7974161611951846E-005   2.1876925615395840E-002   1.4093520627449356E-002   2.5757673677039833E-005   1.3970262602960633E-002   1.9621268011445415E-002  -2.6362655182275176E-004   7.9034314970629453E-003   2.0458593110713977E-002   1.7989471653376008E-004
 DERIVATIVES:   -9.8300490715140812E-002  -5.7033808347867108E-002  -2.6573142196084403E-005   8.8915234857347550E-002 -0.10456056593432148       -9.0553267399179441E-006  -9.9268843137208296E-002 -0.16931157283997822       -1.0549556847684121E-003  0.10865409899500159       0.33090594712216681        1.0905841537044146E-003
 DERIVATIVES:  -0.12972642956713831       -4.5544243988003955E-002  -8.8546219751479255E-007   6.9403506952708027E-002 -0.16851874938416209       -2.1351360793006935E-004 -0.38045906470849783      -0.79533521185663270       -4.0019425375638351E-003  0.44078198732292811        1.0093982052287989        4.2163416076914191E-003
 DERIVATIVES:   -8.1317669832118120E-002  -5.7047352546299767E-003  -5.2284434519921085E-007   3.4432707052585138E-002 -0.17919111056237086       -1.9738385988067369E-004 -0.49396448627567796      -0.74584806710709783       -4.3958138322623651E-003  0.54084944989850825       0.93074391376739596        4.5937205364882374E-003
 DERIVATIVES:   -5.4750466135838394E-002  -4.2770860010355962E-004  -4.7983618131992085E-007  0.11752743458122097       0.10863015525388343        4.2181395176010394E-004  0.90334042728734876        1.2926134400541271        6.8401347583939434E-003 -0.96611739573273125       -1.4008158867079072       -7.2614688739727259E-003
 DERIVATIVES:   -2.1216860771799101E-002   7.6030000765274917E-005  -3.9044666423747519E-007   3.0734572498069941E-002 -0.13052600614798082        8.8345177667776859E-004  -9.7726722174016539E-002  0.14236726850302087       -2.1642315238136985E-003   8.8209009604448357E-002  -1.1917292355805327E-002   1.2811701938001674E-003
 DERIVATIVES:   -2.7265641098327452E-003   7.6770415821863486E-005  -2.7828811921893482E-007  -7.7347874632108071E-002 -0.23937731191042355        8.9208629804953411E-004  -4.7089749103384898E-002  0.18840899888548190       -2.3581156997708615E-003  0.12716418784532571        5.0891541765822487E-002   1.4663076898405463E-003
 DERIVATIVES:    2.2943337494405434E-004   6.7424151502762101E-005  -1.4842033025009856E-007 -0.12892350846908121      -0.21636896631136862        6.1662912797065376E-004  -4.4637878136249177E-003  0.12503640784864303       -1.6345446640710255E-003  0.13315786290776205        9.1265134311222809E-002   1.0180647997279531E-003
 DERIVATIVES:   -4.8079754027722271E-005   5.3240733693237050E-005   0.0000000000000000        1.4709129365649541E-004  -5.0599526452650077E-005  -1.4842033025009857E-006  -2.4735597311908471E-005  -5.8459900874588534E-005   2.9667200103400383E-006  -7.4275099019533691E-005   5.5817850336670582E-005  -1.4825167078390526E-006
 DERIVATIVES:   -1.0794205836370805E-007   4.8320937064378685E-007  -1.3914405960946741E-007   2.3106346868481252E-007   9.2762706406311597E-009  -1.1806162633530566E-008  -4.6634342402445740E-007   2.7668585429009850E-006   3.7273742028717932E-007   3.4237871637238642E-007  -3.2585008868544363E-006  -2.2178719804418135E-007
 DERIVATIVES:   -4.3744210655704073E-002  -5.4170941247132932E-002   5.7974161611951846E-005   2.1868810565179954E-002   1.4101043682938907E-002   2.5761046866363695E-005   1.3967174448134638E-002   1.9594272377286514E-002  -2.6366534349997624E-004   7.9082256423894885E-003   2.0475624343610173E-002   1.7993013502166067E-004
 DERIVATIVES:   -9.8295143366765161E-002  -5.7025359351908160E-002  -2.6573142196084403E-005   8.8914397463097886E-002 -0.10454986617778618       -9.0435205772844145E-006  -9.9244034173028586E-002 -0.16923039535230472       -1.0546411348639616E-003  0.10862478007669586       0.33080562172529643        1.0902569543399996E-003
 DERIVATIVES:  -0.12972426735278172       -4.5541763850553585E-002  -8.8546219751479255E-007   6.9425753979596244E-002 -0.16857601264612404       -2.1335085154519279E-004 -0.38047046946160185      -0.79518311727991153       -4.0019787993490659E-003  0.44076898283478727        1.0093008937765890        4.2162151130917744E-003
 DERIVATIVES:   -8.1317669832118120E-002  -5.7047352546299767E-003  -5.2284434519921085E-007   3.4432707052585138E-002 -0.17919111056237086       -1.9738385988067369E-004 -0.49396448627567796      -0.74584806710709783       -4.3958138322623651E-003  0.54084944989850825       0.93074391376739596        4.5937205364882374E-003
 DERIVATIVES:   -5.4750466135838394E-002  -4.2770860010355962E-004  -4.7983618131992085E-007  0.11752743458122097       0.10863015525388343        4.2181395176010394E-004  0.90334042728734876        1.2926134400541271        6.8401347583939434E-003 -0.96611739573273125       -1.4008158867079072       -7.2614688739727259E-003
 DERIVATIVES:   -2.1216860771799101E-002   7.6030000765274917E-005  -3.9044666423747519E-007   3.0734572498069941E-002 -0.13052600614798082        8.8345177667776859E-004  -9.7726722174016539E-002  0.14236726850302087       -2.1642315238136985E-003   8.8209009604448357E-002  -1.1917292355805327E-002   1.2811701938001674E-003
 DERIVATIVES:   -2.7264662873423529E-003   7.6769572524532513E-005  -2.7828811921893482E-007  -7.7357062356528949E-002 -0.23938581234751971        8.9208714134686505E-004  -4.7085429734455682E-002  0.18840443580362401       -2.3581469017721073E-003  0.12716895753502966        5.0904606971371148E-002   1.4663380485444610E-003
 DERIVATIVES:    2.2942747186273761E-004   6.7424151502762101E-005  -1.4842033025009856E-007 -0.12892506603925150      -0.21636956589577089        6.1662238159200609E-004  -4.4563060797045834E-003  0.12504062855178452       -1.6345100888804560E-003  0.13315194380379600        9.1261514035780963E-002   1.0180369709160311E-003
 DERIVATIVES:   -4.8079754027722271E-005   5.3240733693237050E-005   0.0000000000000000        1.4709129365649541E-004  -5.0599526452650077E-005  -1.4842033025009857E-006  -2.4735597311908471E-005  -5.8459900874588534E-005   2.9667200103400383E-006  -7.4275099019533691E-005   5.5817850336670582E-005  -1.4825167078390526E-006
 DERIVATIVES:   -1.0794205836370805E-007   4.8320937064378685E-007  -1.3914405960946741E-007   2.3106346868481252E-007   9.2762706406311597E-009  -1.1806162633530566E-008  -4.6634342402445740E-007   2.7668585429009850E-006   3.7273742028717932E-007   3.4237871637238642E-007  -3.2585008868544363E-006  -2.2178719804418135E-007
 DERIVATIVES:   -4.3734783434841204E-002  -5.4167347113908360E-002   5.7975004909282819E-005   2.1856876221352114E-002   1.4112105214029193E-002   2.5765263353018529E-005   1.3962660277521971E-002   1.9554780763277355E-002  -2.6372184442115097E-004   7.9152469359671154E-003   2.0500461136601804E-002   1.7998157615884962E-004
 DERIVATIVES:   -9.7247488950288258E-002  -5.5369611663044646E-002  -2.6410385811207878E-005   8.8743339659295345E-002 -0.10244400853851929       -6.8129991368781030E-006  -9.4386445901680951E-002 -0.15339283211884502       -9.9302224218757260E-004  0.10289059519267388       0.31120645316370626        1.0262456271356588E-003
 DERIVATIVES:  -0.12950466935460872       -4.5301748780700569E-002  -8.8714879217672539E-007   7.0680661364618133E-002 -0.17117157135888847       -2.0387218954512969E-004 -0.37959925645908837      -0.78385222690254575       -3.9891345377011164E-003  0.43842326444907892        1.0003255470421348        4.1938938760384230E-003
 DERIVATIVES:   -8.1350722027708031E-002  -5.6946561649302658E-003  -5.2284434519921085E-007   4.0433969261108191E-002 -0.16043160725014280       -1.5704979183787842E-004 -0.41028497421288346      -0.60830435729822818       -3.6785523471928204E-003  0.45120172697948330       0.77443062071330104        3.8361241400785670E-003
 DERIVATIVES:   -5.4722722496946923E-002  -4.2936230616958483E-004  -4.7899288398895449E-007   9.4561290953796895E-002   5.7180389446638377E-002   3.0943193294885748E-004  0.64035527307847551       0.93186363721707455        4.7928938733052219E-003 -0.68019384153532547      -0.98861466351424598       -5.1018468133700911E-003
 DERIVATIVES:   -2.1218181375419393E-002   7.6024940981289107E-005  -3.9044666423747519E-007   3.0690690678155771E-002 -0.13056355564823677        8.8354622597883669E-004  -9.7705428073112305E-002  0.14232323151639781       -2.1647324424282927E-003   8.8232918770375909E-002  -1.1835700809142329E-002   1.2815766631136933E-003
 DERIVATIVES:   -2.7255504664409234E-003   7.6762826145884783E-005  -2.7828811921893482E-007  -7.7442313813608346E-002 -0.23946463366245049        8.9210232069882251E-004  -4.7045435515237266E-002  0.18836186193787016       -2.3584521754059168E-003  0.12721330063858385        5.1026009741731743E-002   1.4666272995289824E-003
 DERIVATIVES:    2.2933976894031703E-004   6.7421621610769196E-005  -1.4842033025009856E-007 -0.12894877028392762      -0.21637875277689445        6.1652793229093788E-004  -4.3426793540328303E-003  0.12510473432828992       -1.6339990506978905E-003  0.13306210902572282        9.1206596826993766E-002   1.0176195387372026E-003
 DERIVATIVES:   -4.8079754027722271E-005   5.3240733693237050E-005   0.0000000000000000        1.4709129365649541E-004  -5.0599526452650077E-005  -1.4842033025009857E-006  -2.4735597311908471E-005  -5.8459900874588534E-005   2.9667200103400383E-006  -7.4275099019533691E-005   5.5817850336670582E-005  -1.4825167078390526E-006
 DERIVATIVES:   -1.0794205836370805E-007   4.8320937064378685E-007  -1.3914405960946741E-007   2.3106346868481252E-007   9.2762706406311597E-009  -1.1806162633530566E-008  -4.6634342402445740E-007   2.7668585429009850E-006   3.7273742028717932E-007   3.4237871637238642E-007  -3.2585008868544363E-006  -2.2178719804418135E-007
 DERIVATIVES:   -4.3722336366236139E-002  -5.4162603566421663E-002   5.7975004909282819E-005   2.1841129330290979E-002   1.4126687511476266E-002   2.5771166434335295E-005   1.3956762255989193E-002   1.9503138921323632E-002  -2.6379605458627604E-004   7.9244439366586358E-003   2.0532776290324437E-002   1.8004988324265791E-004
 DERIVATIVES:   -9.5066929503552389E-002  -5.1921101551468847E-002  -2.6046924661561333E-005   8.8346149146302122E-002  -9.8005637706449711E-002  -2.3350903094461532E-006  -8.4293385295087592E-002 -0.12081780704740196       -8.6549713320416136E-004   9.1014165652337858E-002  0.27074454714861779        8.9387914817516884E-004
 DERIVATIVES:  -0.12840231108356936       -4.4139059332009192E-002  -8.8799208950769186E-007   7.3400908334144616E-002 -0.17272072710841518       -1.8142614448679519E-004 -0.36780490757786727      -0.74127056992466278       -3.8625412722684228E-003  0.42280631032729210       0.95813035636508714        4.0448545655473950E-003
 DERIVATIVES:   -8.1415792536360068E-002  -5.6751119059877874E-003  -5.2368764253017732E-007   5.4071933080693482E-002 -0.11430996601259936       -6.9524805154199586E-005 -0.21073236020481007      -0.28502173624815702       -1.9592891899555724E-003  0.23807621966047668       0.40500681416674417        2.0293376827523022E-003
 DERIVATIVES:   -5.4669390687141946E-002  -4.3274224187209848E-004  -4.7814958665798802E-007   4.5204621167309167E-002  -5.3143494764597975E-002   6.7164415924824431E-005   8.3343694199657078E-002  0.16729320982869111        4.6816072977269010E-004  -7.3878924679824307E-002 -0.11371697282222104       -5.3484783940818746E-004
 DERIVATIVES:   -2.1220819209470655E-002   7.6013134818655580E-005  -3.9044666423747519E-007   3.0602864634324933E-002 -0.13063861923026077        8.8373681117563522E-004  -9.7662715906596184E-002  0.14223503610833602       -2.1657401827387974E-003   8.8280669638444567E-002  -1.1672430012893911E-002   1.2823938182273998E-003
 DERIVATIVES:   -2.7238166471284563E-003   7.6748490091258352E-005  -2.7828811921893482E-007  -7.7603312766847135E-002 -0.23961324373460008        8.9213436599739921E-004  -4.6969163488138004E-002  0.18828172001931912       -2.3590306773749602E-003  0.12729629374541093        5.1254775225189668E-002   1.4671745994967798E-003
